[gd_scene format=3 uid="uid://rwxs7s42kh61"]

[ext_resource type="Script" uid="uid://c6r6w6blmkr1w" path="res://addons/SecondOrderDynamics/Animator/SodRemoteTransform3D.cs" id="1_akvq2"]
[ext_resource type="Script" uid="uid://cpyqqgoprjn5d" path="res://addons/SecondOrderDynamics/SodParams.cs" id="2_jjot6"]
[ext_resource type="Script" uid="uid://dbb0mhyw8q7tw" path="res://addons/SecondOrderDynamics/Constraints/LookAtConstraint3D.cs" id="3_it7vc"]

[sub_resource type="Resource" id="Resource_jjot6"]
script = ExtResource("2_jjot6")
Zeta = 0.5
Response = 2.0
metadata/_custom_type_script = "uid://cpyqqgoprjn5d"

[sub_resource type="Resource" id="Resource_akvq2"]
script = ExtResource("2_jjot6")
Zeta = 0.5
Response = 5.0
metadata/_custom_type_script = "uid://cpyqqgoprjn5d"

[sub_resource type="BoxMesh" id="BoxMesh_fayhq"]

[sub_resource type="BoxMesh" id="BoxMesh_jjot6"]
size = Vector3(0.2, 0.2, 1)

[sub_resource type="GDScript" id="GDScript_jjot6"]
script/source = "@tool
extends Marker3D


# Called when the node enters the scene tree for the first time.

# Called every frame. 'delta' is the elapsed time since the previous frame.
func _process(delta: float) -> void:
	var pos: Vector3
	
	if Engine.is_editor_hint():
		pos = EditorInterface.get_editor_viewport_3d().get_camera_3d().global_position;
	else:
		pos = get_viewport().get_camera_3d().global_position
	look_at(pos)
	
	if randf() < 0.01:
		_on_timer_timeout()


func _on_timer_timeout() -> void:
	global_position = Vector3(random_pos(), 0, random_pos())

func random_pos():
	return randf() * 10
"

[sub_resource type="Resource" id="Resource_it7vc"]
script = ExtResource("2_jjot6")
Zeta = 0.46
Response = 3.309
metadata/_custom_type_script = "uid://cpyqqgoprjn5d"

[node name="Transform3d" type="Node3D" unique_id=1583451133]
metadata/_edit_lock_ = true

[node name="RemotePosition3D Box Looking at you" type="Node3D" parent="." unique_id=2125736222]
metadata/_edit_lock_ = true

[node name="SodRemoteTransform3D" type="Node3D" parent="RemotePosition3D Box Looking at you" unique_id=419958830 node_paths=PackedStringArray("Following")]
editor_description = "SOD Animator for a 3D Node. This node will follow / interpolate to another Node3D's transform (with options to enable following position, rotation, and scale individually) using a SOD system 
which can be configured with the 'Params' property."
transform = Transform3D(-0.2214812, -0.25000286, -0.94240886, -0.0008744589, 0.96647114, -0.25617883, 0.9750146, -0.055923052, -0.21430433, 2.4215696, 0, 6.0660524)
position = Vector3(2.4215696, 0, 6.0660524)
rotation = Vector3(0.25910836, -1.7943945, -0.0009047896)
script = ExtResource("1_akvq2")
Following = NodePath("../Target")
PositionParams = SubResource("Resource_jjot6")
RotationParams = SubResource("Resource_akvq2")
metadata/_custom_type_script = "uid://c6r6w6blmkr1w"
metadata/_edit_lock_ = true

[node name="MeshInstance3D" type="MeshInstance3D" parent="RemotePosition3D Box Looking at you/SodRemoteTransform3D" unique_id=398217702]
mesh = SubResource("BoxMesh_fayhq")
metadata/_edit_lock_ = true

[node name="MeshInstance3D2" type="MeshInstance3D" parent="RemotePosition3D Box Looking at you/SodRemoteTransform3D" unique_id=984215369]
transform = Transform3D(1, 0, 0, 0, 1, 0, 0, 0, 1, 0, 0, -0.29)
mesh = SubResource("BoxMesh_jjot6")
metadata/_edit_lock_ = true

[node name="Target" type="Marker3D" parent="RemotePosition3D Box Looking at you" unique_id=419163737]
transform = Transform3D(-0.14126971, -0.2603436, -0.9551066, 0, 0.9647812, -0.26298147, 0.98995376, -0.037151907, -0.13629691, 2.1579206, 0, 5.3206253)
script = SubResource("GDScript_jjot6")

[node name="LookAtSod" type="Node3D" parent="." unique_id=2050965604 node_paths=PackedStringArray("Following")]
editor_description = "SOD Animator for a 3D Node. This node will follow / interpolate to another Node3D's transform (with options to enable following position, rotation, and scale individually) using a SOD system 
which can be configured with the 'Params' property."
transform = Transform3D(-0.9788925, 0, -0.20363763, 0, 0.99999994, 0, 0.20363763, 0, -0.9788925, 5.60112, 0, 0)
rotation = Vector3(0, -2.9364893, 0)
script = ExtResource("1_akvq2")
Following = NodePath("../LookAtConstraint3D")
UpdatePosition = false
RotationParams = SubResource("Resource_it7vc")
metadata/_custom_type_script = "uid://c6r6w6blmkr1w"

[node name="MeshInstance3D3" type="MeshInstance3D" parent="LookAtSod" unique_id=450864534]
transform = Transform3D(0.9998391, 0, 7.450581e-09, 0, 0.99983203, 0, 0, 0, 0.9998503, 0, 0, 0)
mesh = SubResource("BoxMesh_fayhq")
metadata/_edit_lock_ = true

[node name="MeshInstance3D4" type="MeshInstance3D" parent="LookAtSod" unique_id=433918187]
transform = Transform3D(0.9998391, 0, 7.450581e-09, 0, 0.99983203, 0, 0, 0, 0.9998503, 0, 0, -0.50000006)
mesh = SubResource("BoxMesh_jjot6")
metadata/_edit_lock_ = true

[node name="LookAtConstraint3D" type="Node3D" parent="." unique_id=506267863 node_paths=PackedStringArray("Target")]
transform = Transform3D(-0.8857057, 0, 0.46424687, 0, 0.99999994, 0, -0.46424687, 0, -0.8857057, 5.60112, 0, 0)
script = ExtResource("3_it7vc")
LookAtPosition = Vector3(-67.02, 36.94, 3.83)
Target = NodePath("../RemotePosition3D Box Looking at you/SodRemoteTransform3D")
metadata/_custom_type_script = "uid://dbb0mhyw8q7tw"
